      0/99    0.317G    0.1062   0.02115         0    0.1273         6       800     0.366     0.468     0.363     0.363   0.06742   0.02252         0
      1/99    0.312G   0.07192    0.0253         0   0.09722         7       832    0.1053     0.931    0.6815    0.6815   0.05012   0.01741         0
      2/99     0.26G   0.06008   0.02024         0   0.08032         2       704    0.2392    0.9951    0.6986    0.6986   0.04869   0.01142         0
      3/99     0.22G    0.0498   0.01792         0   0.06772         2       384     0.453         1    0.9545    0.9545   0.03328   0.00957         0
      4/99     0.22G   0.05158   0.01599         0   0.06757         2       544     0.458         1     0.838     0.838   0.03699  0.009359         0
      5/99     8.93G   0.04714   0.01595         0   0.06308         4       544    0.4884         1    0.9512    0.9512   0.03214   0.00859         0
      6/99    0.264G   0.04207    0.0136         0   0.05567         4       416     0.378    0.9754    0.6526    0.6526   0.05332   0.00845         0
      7/99     9.15G   0.04516   0.01364         0    0.0588         6       832    0.4662    0.9901    0.6535    0.6535   0.04158  0.009015         0
      8/99    0.325G   0.04057    0.0132         0   0.05377         8       864    0.6307         1    0.9868    0.9868    0.0324  0.008298         0
      9/99     9.07G   0.04011   0.01362         0   0.05373         5       544    0.4527         1    0.8488    0.8488    0.0383  0.008331         0
     10/99     9.07G   0.04095   0.01438         0   0.05533         2       864     0.779         1    0.9917    0.9917   0.02911  0.007912         0
     11/99    0.321G   0.03744   0.01335         0   0.05079         5       896     0.756         1    0.9747    0.9747   0.02848  0.007885         0
     12/99    0.361G   0.03697    0.0127         0   0.04967         3       672    0.8172         1    0.9902    0.9902   0.02834  0.007479         0
     13/99     9.58G   0.03478   0.01104         0   0.04582         3       672    0.6479    0.9951    0.9939    0.9939   0.02433  0.007452         0
     14/99    0.342G   0.03326   0.01151         0   0.04477         2       928    0.8057         1    0.9935    0.9935   0.02745  0.007331         0
     15/99     8.72G   0.03154   0.01054         0   0.04208         5       864      0.83         1    0.9911    0.9911   0.02498  0.007114         0
     16/99     8.72G   0.03207   0.01125         0   0.04332         5       928    0.7323         1    0.9928    0.9928   0.02196  0.007181         0
     17/99     8.72G   0.03043   0.01061         0   0.04103         4       832    0.7961         1    0.9916    0.9916   0.02661  0.006746         0
     18/99    0.247G   0.03024  0.008977         0   0.03921         2       480    0.8079         1    0.9883    0.9883   0.02176  0.006857         0
     19/99        9G   0.02974  0.009547         0   0.03929         5       672    0.7287         1    0.9936    0.9936   0.02441  0.006754         0
     20/99        9G   0.02779  0.009475         0   0.03726         2       928    0.8507         1    0.9947    0.9947   0.02296  0.006397         0
     21/99    0.216G   0.02802  0.009786         0    0.0378         2       448    0.7804         1     0.995     0.995   0.02296  0.006562         0
     22/99     9.14G   0.02756  0.009083         0   0.03664         6       384    0.8127         1    0.9914    0.9914   0.02072  0.006207         0
     23/99    0.237G   0.02756  0.009503         0   0.03707         5       352    0.8452         1     0.994     0.994   0.02179  0.006336         0
     24/99    0.241G   0.02548   0.00766         0   0.03314         6       576    0.7941         1    0.9947    0.9947   0.02322  0.006109         0
     25/99     9.38G   0.02474  0.008563         0    0.0333        10       928    0.8457         1    0.9948    0.9948   0.02315  0.006139         0
     26/99     9.41G   0.02675   0.01013         0   0.03687         3       416    0.8414         1     0.995     0.995   0.02132   0.00616         0
     27/99     9.41G   0.02555  0.008972         0   0.03452         2       384    0.8149         1    0.9949    0.9949   0.02176   0.00605         0
     28/99    0.292G    0.0245  0.008762         0   0.03326         5       768    0.7847         1    0.9946    0.9946   0.02002  0.006072         0
     29/99    0.319G   0.02399  0.008229         0   0.03222         6       960    0.7466         1    0.9948    0.9948   0.02033  0.005938         0
     30/99     9.34G   0.02341  0.007625         0   0.03104         2       896     0.873         1     0.995     0.995   0.01984  0.005876         0
     31/99     9.39G   0.02355   0.00791         0   0.03146         4       448    0.8965         1    0.9946    0.9946    0.0192  0.005796         0
     32/99     9.39G   0.02294  0.007541         0   0.03048         2       384    0.8497         1    0.9947    0.9947   0.01961   0.00585         0
     33/99    0.241G   0.02214  0.008417         0   0.03056         4       640    0.8329         1    0.9943    0.9943    0.0203  0.006008         0
     34/99      9.3G   0.02193  0.008194         0   0.03013         6       960    0.8642         1    0.9944    0.9944   0.02055  0.005832         0
     35/99     9.34G   0.02182   0.00745         0   0.02927         7       448    0.8465         1    0.9949    0.9949   0.02042  0.006102         0
     36/99     9.36G   0.02237     0.008         0   0.03037         3       352    0.8524         1    0.9947    0.9947   0.01911  0.005746         0
     37/99     9.36G   0.02107  0.007312         0   0.02838         2       928    0.8099         1    0.9949    0.9949   0.01846  0.005538         0
     38/99     9.36G   0.02122  0.008262         0   0.02949         7       576    0.8601         1     0.995     0.995   0.01903  0.005548         0
     39/99     9.36G   0.02208    0.0082         0   0.03028         5       544    0.8795         1    0.9947    0.9947   0.01855  0.005596         0
     40/99     9.37G   0.02049  0.007491         0   0.02799         2       352    0.7803         1    0.9949    0.9949   0.01903  0.005545         0
     41/99     9.37G   0.02048  0.007033         0   0.02751         3       768    0.8444         1    0.9948    0.9948   0.01855  0.005523         0
     42/99     9.37G   0.02002  0.007657         0   0.02768         5       672    0.8593         1    0.9948    0.9948   0.01888  0.005542         0
     43/99     9.37G      0.02   0.00726         0   0.02726         2       544    0.8682         1    0.9941    0.9941    0.0184  0.005381         0
     44/99     9.37G   0.01976  0.007523         0   0.02729         4       416    0.8433         1    0.9947    0.9947   0.01849  0.005388         0
     45/99     9.37G   0.01988  0.007235         0   0.02711         4       928    0.8695         1    0.9946    0.9946   0.01907  0.005368         0
     46/99     9.37G   0.01943  0.006995         0   0.02643         6       576    0.8807         1     0.995     0.995   0.01818  0.005431         0
     47/99    0.235G   0.01962  0.006999         0   0.02662         4       320    0.8403         1    0.9939    0.9939   0.01882  0.005575         0
     48/99     9.27G   0.01894   0.00706         0     0.026         2       480    0.8851         1    0.9948    0.9948    0.0187  0.005448         0
     49/99     9.27G   0.01895  0.006827         0   0.02577         8       896    0.8707         1    0.9948    0.9948     0.019  0.005412         0
     50/99     9.27G   0.01805  0.006657         0    0.0247         3       704    0.8302         1     0.995     0.995   0.01781  0.005374         0
     51/99     9.27G   0.01934   0.00761         0   0.02695         4       928    0.8813         1    0.9949    0.9949   0.01844  0.005268         0
     52/99    0.237G   0.01808  0.006481         0   0.02456         6       512    0.8471         1     0.995     0.995   0.01822  0.005385         0
     53/99     8.36G   0.01811  0.006852         0   0.02496         6       928    0.8653         1     0.995     0.995   0.01757  0.005411         0
     54/99     8.36G   0.01781  0.007087         0   0.02489         2       864    0.8627         1    0.9945    0.9945   0.01844  0.005432         0
     55/99     8.36G   0.01804  0.007216         0   0.02526         7       800    0.8669         1     0.995     0.995   0.01865  0.005224         0
     56/99     8.37G   0.01718  0.006396         0   0.02358         6       544    0.8497         1    0.9949    0.9949   0.01805  0.005173         0
     57/99     8.37G   0.01748  0.006757         0   0.02424         4       704    0.8933         1    0.9945    0.9945   0.01792  0.005276         0
     58/99     8.37G   0.01711  0.006402         0   0.02351         3       928    0.8839         1    0.9948    0.9948    0.0179  0.005271         0
     59/99     8.37G   0.01744  0.007009         0   0.02445         2       864    0.8601         1     0.995     0.995   0.01794  0.005368         0
     60/99      8.4G   0.01631  0.005889         0    0.0222         3       448    0.8746         1     0.995     0.995   0.01827    0.0053         0
     61/99      8.4G   0.01717  0.007414         0   0.02458         5       576    0.8492         1    0.9947    0.9947   0.01839  0.005367         0
     62/99      8.4G   0.01681  0.006343         0   0.02315         5       768    0.8808         1     0.995     0.995   0.01802  0.005385         0
     63/99     8.41G   0.01614  0.006789         0   0.02293         3       480    0.8854         1    0.9948    0.9948   0.01771  0.005357         0
     64/99     8.41G   0.01648  0.006507         0   0.02299         4       384    0.8774         1    0.9945    0.9945   0.01779  0.005205         0
     65/99     8.41G   0.01617  0.005914         0   0.02208         3       448    0.8826         1     0.995     0.995   0.01771  0.005196         0
     66/99     8.41G   0.01609  0.006365         0   0.02246         4       928     0.871         1     0.995     0.995   0.01778  0.005271         0
     67/99     8.42G   0.01595  0.006125         0   0.02207         5       352    0.8663         1     0.995     0.995   0.01762  0.005182         0
     68/99     8.42G   0.01586  0.006194         0   0.02206         6       320    0.8956         1     0.995     0.995   0.01734  0.005154         0
     69/99     8.42G   0.01542   0.00635         0   0.02177         4       416    0.8925         1    0.9946    0.9946    0.0178  0.005298         0
     70/99     8.42G   0.01551   0.00668         0   0.02219         3       384    0.8593         1    0.9942    0.9942    0.0175  0.005098         0
     71/99     8.42G   0.01511  0.005772         0   0.02088         1       832    0.9046         1     0.995     0.995   0.01789  0.005125         0
     72/99     8.42G   0.01528   0.00624         0   0.02152         2       672    0.8992         1     0.995     0.995   0.01774  0.005121         0
     73/99     8.42G   0.01518  0.006185         0   0.02137         6       640    0.8945         1    0.9949    0.9949   0.01801  0.005158         0
     74/99     8.42G    0.0155  0.006253         0   0.02176         7       448    0.9107         1     0.995     0.995    0.0179  0.005106         0
     75/99     8.42G   0.01533  0.006257         0   0.02159         4       960    0.8757         1     0.995     0.995   0.01759  0.005125         0
     76/99     8.42G   0.01484  0.005642         0   0.02048         2       864    0.8667         1     0.995     0.995    0.0175  0.005112         0
     77/99     8.42G   0.01442  0.006142         0   0.02056         3       352    0.8858         1     0.995     0.995   0.01752  0.005151         0
     78/99     8.42G   0.01504  0.006071         0   0.02111         4       768     0.898         1     0.995     0.995   0.01733  0.005193         0
     79/99     8.42G   0.01464  0.006476         0   0.02112         3       352    0.8944         1     0.995     0.995   0.01752  0.005198         0
     80/99     8.42G   0.01478  0.005746         0   0.02053         4       640    0.9008         1     0.995     0.995   0.01786  0.005297         0
     81/99     8.42G   0.01452  0.005954         0   0.02047         2       672    0.8824         1     0.995     0.995   0.01771  0.005234         0
     82/99     8.42G   0.01432  0.005824         0   0.02014         3       320    0.8915         1     0.995     0.995   0.01723   0.00514         0
     83/99     8.42G    0.0146  0.006134         0   0.02073         4       896    0.8753         1    0.9949    0.9949   0.01712  0.005123         0
     84/99     8.42G   0.01432   0.00579         0   0.02011         2       704    0.8888         1     0.995     0.995   0.01727  0.005097         0
     85/99     8.42G   0.01421  0.006045         0   0.02025         3       768    0.8945         1     0.995     0.995   0.01715  0.005073         0
     86/99     8.42G   0.01467   0.00605         0   0.02072         7       704    0.8817         1     0.995     0.995   0.01756  0.005331         0
     87/99     8.42G   0.01401  0.005465         0   0.01948         6       864     0.871         1     0.995     0.995   0.01741  0.005196         0
     88/99     8.42G    0.0139  0.006484         0   0.02038         6       832     0.869         1    0.9949    0.9949   0.01741  0.005156         0
     89/99     8.42G   0.01439  0.006007         0   0.02039         1       512    0.8699         1    0.9949    0.9949   0.01764  0.005184         0
     90/99    0.229G   0.01375  0.005544         0   0.01929         3       608    0.8613         1    0.9949    0.9949   0.01759  0.005135         0
     91/99     8.87G   0.01337  0.005477         0   0.01885         8       544    0.8671         1     0.995     0.995    0.0176  0.005261         0
     92/99     8.92G   0.01391  0.005585         0    0.0195         2       512      0.89         1     0.995     0.995   0.01742   0.00514         0
     93/99     8.92G   0.01378  0.006003         0   0.01978         2       608    0.8818         1    0.9949    0.9949   0.01762  0.005208         0
     94/99     8.92G   0.01368  0.005917         0    0.0196         2       704    0.8922         1     0.995     0.995   0.01737  0.005192         0
     95/99     8.92G   0.01381  0.005911         0   0.01972         4       320    0.8665         1    0.9943    0.9943   0.01762   0.00515         0
     96/99     8.92G   0.01349  0.005598         0   0.01909         4       928    0.8541         1    0.9942    0.9942   0.01728  0.005114         0
     97/99     8.92G    0.0136  0.005925         0   0.01952         2       608    0.8791         1    0.9947    0.9947   0.01735  0.005095         0
     98/99     8.92G   0.01382  0.005926         0   0.01975         4       480    0.8791         1    0.9948    0.9948   0.01728  0.005103         0
     99/99     8.92G   0.01369  0.006037         0   0.01973         4       608    0.8625         1    0.9948    0.9948   0.01768  0.005162         0
   100/148    0.386G   0.02558  0.006868         0   0.03245        11       832    0.8594         1     0.993     0.993   0.02376  0.006322         0
   101/148    0.579G   0.02479  0.005844         0   0.03064         5       320     0.842         1    0.9931    0.9931   0.02301  0.005525         0
   102/148     14.2G   0.02418  0.005947         0   0.03012         9       832    0.8402         1    0.9929    0.9929    0.0229  0.005487         0
   103/148    0.357G   0.02403  0.005901         0   0.02993         7       608    0.8883         1    0.9945    0.9945   0.02262  0.005434         0
   104/148    0.344G   0.02304  0.005881         0   0.02892         5       352    0.9003         1    0.9946    0.9946   0.02284  0.005449         0
   105/148     1.11G   0.02284  0.005956         0   0.02879         7       384    0.9138         1    0.9942    0.9942   0.02315  0.005389         0
   106/148    0.396G   0.02304  0.005815         0   0.02885         8       672    0.8899         1    0.9944    0.9944   0.02238  0.005313         0
   107/148    0.312G   0.02297  0.006519         0   0.02949        10       416    0.8915         1    0.9946    0.9946   0.02254  0.005403         0
   108/148     0.87G   0.02269  0.005693         0   0.02838         7       544    0.8728         1    0.9929    0.9929   0.02206  0.005312         0
   109/148       14G   0.02234  0.005213         0   0.02755         4       672    0.9254         1     0.994     0.994   0.02225  0.005324         0
   110/148    0.795G   0.02261  0.005508         0   0.02811         8       576    0.8999         1    0.9946    0.9946   0.02233  0.005271         0
   111/148     14.7G   0.02236  0.005474         0   0.02784         9       832    0.9221         1    0.9949    0.9949   0.02216  0.005317         0
   112/148    0.476G   0.02242  0.005287         0   0.02771         7       896     0.926         1    0.9949    0.9949   0.02213  0.005244         0
   113/148     12.7G   0.02219  0.005431         0   0.02762         9       576    0.9269         1    0.9949    0.9949   0.02217  0.005214         0
   114/148     12.7G   0.02174  0.005918         0   0.02766         6       544    0.9114         1    0.9947    0.9947   0.02202  0.005241         0
   115/148    0.497G    0.0224  0.005946         0   0.02835         5       960    0.9294         1    0.9945    0.9945   0.02223  0.005225         0
   116/148     14.7G   0.02167  0.005564         0   0.02724         7       352    0.9237         1    0.9946    0.9946   0.02306  0.005473         0
   117/148     14.7G   0.02136  0.005518         0   0.02688         9       896    0.9437         1    0.9948    0.9948   0.02214  0.005222         0
   118/148     14.7G   0.02154  0.005445         0   0.02698         7       544    0.9351         1    0.9947    0.9947   0.02245  0.005329         0
   119/148     14.7G   0.02131   0.00525         0   0.02656         5       896    0.9275         1    0.9948    0.9948   0.02239  0.005345         0
   120/148     14.7G   0.02118  0.005334         0   0.02652         4       672    0.9339         1    0.9946    0.9946   0.02225  0.005299         0
   121/148     14.7G    0.0216  0.005437         0   0.02704         4       672    0.9435         1    0.9949    0.9949   0.02201  0.005211         0
   122/148     14.7G   0.02114   0.00534         0   0.02648         5       576    0.9314         1     0.995     0.995   0.02242  0.005408         0
   123/148    0.434G   0.02099  0.005069         0   0.02606         7       864    0.9343         1    0.9949    0.9949   0.02207  0.005335         0
   124/148    0.447G   0.02112  0.005775         0    0.0269         9       640    0.9191         1    0.9946    0.9946   0.02257  0.005334         0
   125/148     14.7G   0.02073  0.005071         0    0.0258         6       320    0.9336         1    0.9946    0.9946   0.02242  0.005322         0
   126/148     14.7G   0.02075  0.005302         0   0.02606         5       832    0.9413         1    0.9946    0.9946   0.02256  0.005345         0
   127/148     14.7G   0.02118  0.005115         0    0.0263         8       416    0.9498         1    0.9949    0.9949   0.02275  0.005403         0
   128/148    0.709G   0.02079  0.005388         0   0.02618         7       480      0.95         1    0.9948    0.9948    0.0224  0.005285         0
   129/148     14.9G   0.02081  0.005147         0   0.02595         6       672    0.9514         1    0.9949    0.9949   0.02241  0.005255         0
   130/148    0.392G   0.02079  0.005424         0   0.02621         9       704    0.9507         1    0.9949    0.9949   0.02252  0.005345         0
   131/148     13.4G   0.02081  0.005358         0   0.02617         8       704    0.9437         1    0.9948    0.9948   0.02229  0.005255         0
   132/148     0.56G   0.02037   0.00536         0   0.02573         7       448    0.9532         1    0.9949    0.9949   0.02254  0.005349         0
   133/148    0.858G   0.02042  0.005172         0    0.0256         7       800    0.9503         1    0.9948    0.9948    0.0225  0.005282         0
   134/148    0.596G   0.02075  0.005343         0    0.0261         5       512    0.9366         1    0.9949    0.9949   0.02235  0.005253         0
   135/148       15G   0.02071  0.005765         0   0.02647         4       352    0.9369         1     0.995     0.995    0.0226  0.005322         0
   136/148       15G   0.01992  0.004794         0   0.02471         8       896     0.944         1     0.995     0.995   0.02232  0.005282         0
   137/148       15G    0.0205  0.005462         0   0.02597         8       960    0.9508         1    0.9949    0.9949   0.02241  0.005323         0
   138/148    0.906G   0.02005  0.005239         0   0.02529        11       928    0.9502         1    0.9949    0.9949   0.02245  0.005331         0
   139/148     12.5G   0.02012  0.005794         0   0.02591         9       896    0.9375         1    0.9949    0.9949    0.0222  0.005245         0
   140/148     12.5G   0.02036  0.005902         0   0.02626         6       928     0.928         1    0.9948    0.9948   0.02218  0.005261         0
   141/148     12.5G   0.01998  0.005091         0   0.02507         7       384    0.9457         1    0.9949    0.9949   0.02211  0.005233         0
   142/148    0.535G   0.01987  0.005339         0   0.02521         4       768    0.9559         1    0.9948    0.9948   0.02221  0.005241         0
   143/148     15.7G   0.02004  0.005311         0   0.02535         1       896    0.9567         1     0.995     0.995   0.02206  0.005216         0
   144/148     15.7G   0.01947  0.005117         0   0.02459         5       960     0.955         1    0.9949    0.9949    0.0226  0.005322         0
   145/148     15.7G   0.01986   0.00491         0   0.02477         8       832    0.9568         1    0.9948    0.9948   0.02246  0.005277         0
   146/148     15.7G   0.01987  0.005274         0   0.02515         9       480    0.9493         1    0.9949    0.9949   0.02294  0.005456         0
   147/148     15.7G   0.01933  0.005123         0   0.02446         8       448    0.9461         1    0.9949    0.9949   0.02312   0.00543         0
   148/148     15.8G   0.01941  0.004998         0   0.02441        10       352    0.9589         1    0.9949    0.9949   0.02234   0.00534         0
